     SEASON_ID     TEAM_ID TEAM_ABBREVIATION  TEAM_NAME     GAME_ID   GAME_DATE      MATCHUP    WL  MIN  PTS  FGM  FGA  FG_PCT  FG3M  FG3A  FG3_PCT  FTM  FTA  FT_PCT  OREB  DREB  REB  AST  STL  BLK  TOV  PF  PLUS_MINUS
4        22023  1610612762               UTA  Utah Jazz  0022300882  2024-03-04  UTA vs. WAS  None  193  105   40   83   0.482    13    30    0.433   12   14   0.857     9    28   37   25    6    6    8  11         1.0
29       22023  1610612762               UTA  Utah Jazz  0022300867  2024-03-02    UTA @ MIA     L  240  120   42   87   0.483    14    35    0.400   22   26   0.846    12    30   42   24    3    5   10  19        -6.0
62       22023  1610612762               UTA  Utah Jazz  0022300850  2024-02-29    UTA @ ORL     L  242  107   34   80   0.425    16    37    0.432   23   28   0.821     7    30   37   25    8    1   13  22        -8.0
93       22023  1610612762               UTA  Utah Jazz  0022300835  2024-02-27    UTA @ ATL     L  240   97   35   94   0.372    11    38    0.289   16   19   0.842    12    31   43   24   11    4   17  15       -27.0
120      22023  1610612762               UTA  Utah Jazz  0022300825  2024-02-25  UTA vs. SAS     W  242  128   46   90   0.511    17    35    0.486   19   22   0.864     5    33   38   36   13    8   17  17        19.0
180      22023  1610612762               UTA  Utah Jazz  0022300801  2024-02-22  UTA vs. CHA     L  240  107   37   86   0.430     9    39    0.231   24   27   0.889    15    39   54   26    3    2   19  21        -8.0
191      22023  1610612762               UTA  Utah Jazz  0022300576  2024-02-15  UTA vs. GSW     L  240  137   43   93   0.462    22    49    0.449   29   32   0.906    17    31   48   33   10    3   16  22        -3.0
212      22023  1610612762               UTA  Utah Jazz  0022300788  2024-02-14  UTA vs. LAL     L  238  122   49  101   0.485    14    45    0.311   10   13   0.769    15    29   44   29    5    7   13  21       -16.0
246      22023  1610612762               UTA  Utah Jazz  0022300769  2024-02-12  UTA vs. GSW     L  238  107   41   92   0.446    11    32    0.344   14   16   0.875     9    35   44   23    8    7   17  17       -22.0
289      22023  1610612762               UTA  Utah Jazz  0022300739  2024-02-08    UTA @ PHX     L  241  115   41   94   0.436    12    35    0.343   21   31   0.677    19    33   52   28    7    7   15  14       -14.0
330      22023  1610612762               UTA  Utah Jazz  0022300724  2024-02-06  UTA vs. OKC     W  240  124   46   89   0.517    14    35    0.400   18   20   0.900    15    33   48   29    9    8   17  17         7.0
346      22023  1610612762               UTA  Utah Jazz  0022300711  2024-02-04  UTA vs. MIL     W  240  123   43   89   0.483    17    44    0.386   20   24   0.833    12    40   52   31    3    3   16  24        15.0
398      22023  1610612762               UTA  Utah Jazz  0022300686  2024-02-01  UTA vs. PHI     L  240  124   45   87   0.517    12    36    0.333   22   25   0.880    10    33   43   36    3    9    9  15        -3.0
430      22023  1610612762               UTA  Utah Jazz  0022300671  2024-01-30    UTA @ NYK     L  240  103   39   86   0.453    12    36    0.333   13   17   0.765    15    28   43   23    3    5   14  16       -15.0
436      22023  1610612762               UTA  Utah Jazz  0022300660  2024-01-29    UTA @ BKN     L  241  114   39   86   0.453     9    27    0.333   27   34   0.794    12    32   44   23    3    7   17  14       -33.0
486      22023  1610612762               UTA  Utah Jazz  0022300647  2024-01-27    UTA @ CHA     W  241  134   52   93   0.559    17    41    0.415   13   17   0.765    15    34   49   38    6    6   13  18        12.0
513      22023  1610612762               UTA  Utah Jazz  0022300628  2024-01-25    UTA @ WAS     W  240  123   50   97   0.515    13    31    0.419   10   12   0.833    13    39   52   34    6    2   15  19        15.0
541      22023  1610612762               UTA  Utah Jazz  0022300616  2024-01-23    UTA @ NOP     L  239  124   43   92   0.467    12    36    0.333   26   32   0.813     6    32   38   27    4    8    8  15       -29.0
574      22023  1610612762               UTA  Utah Jazz  0022300598  2024-01-20    UTA @ HOU     L  264  126   48  105   0.457    13    43    0.302   17   22   0.773    16    43   59   28    4    8   17  24        -1.0
610      22023  1610612762               UTA  Utah Jazz  0022300581  2024-01-18  UTA vs. OKC     L  240  129   43   89   0.483    13    32    0.406   30   36   0.833    11    27   38   33    7    4   14  21        -5.0
643      22023  1610612762               UTA  Utah Jazz  0022300564  2024-01-15  UTA vs. IND     W  240  132   45   81   0.556    11    25    0.440   31   35   0.886    10    36   46   29    5    8   14  17        27.0
680      22023  1610612762               UTA  Utah Jazz  0022300549  2024-01-13  UTA vs. LAL     W  241  132   42   93   0.452    12    37    0.324   36   39   0.923    13    39   52   28    7    5   10  20         7.0
688      22023  1610612762               UTA  Utah Jazz  0022300540  2024-01-12  UTA vs. TOR     W  240  145   52   93   0.559    21    43    0.488   20   26   0.769    14    42   56   34    7    8   13  23        32.0
727      22023  1610612762               UTA  Utah Jazz  0022300524  2024-01-10  UTA vs. DEN     W  238  124   46   83   0.554    13    33    0.394   19   23   0.826     7    33   40   34   12    8   16  19        13.0
755      22023  1610612762               UTA  Utah Jazz  0022300510  2024-01-08    UTA @ MIL     W  239  132   47   90   0.522    20    44    0.455   18   22   0.818    10    37   47   33    6    8   10  15        16.0
776      22023  1610612762               UTA  Utah Jazz  0022300495  2024-01-06    UTA @ PHI     W  240  120   46   80   0.575     8    30    0.267   20   24   0.833     9    39   48   30    4    4   23  18        11.0
786      22023  1610612762               UTA  Utah Jazz  0022300479  2024-01-05    UTA @ BOS     L  239   97   34   94   0.362     6    34    0.176   23   34   0.676    16    41   57   23   11    2   18  24       -29.0
825      22023  1610612762               UTA  Utah Jazz  0022300474  2024-01-03  UTA vs. DET     W  266  154   53  103   0.515    16    32    0.500   32   35   0.914    15    28   43   28   11    8   12  22         6.0
861      22023  1610612762               UTA  Utah Jazz  0022300457  2024-01-01  UTA vs. DAL     W  242  127   49   96   0.510    12    44    0.273   17   18   0.944     7    46   53   37    9    6   12  15        37.0
878      22023  1610612762               UTA  Utah Jazz  0022300439  2023-12-30  UTA vs. MIA     W  241  117   43   93   0.462    11    41    0.268   20   28   0.714     9    34   43   29    8    6   10  25         8.0
912      22023  1610612762               UTA  Utah Jazz  0022300424  2023-12-28    UTA @ NOP     L  240  105   36   85   0.424    12    39    0.308   21   25   0.840    17    25   42   27    5    3   18  15        -7.0
940      22023  1610612762               UTA  Utah Jazz  0022300412  2023-12-26    UTA @ SAS     W  239  130   47   95   0.495    16    43    0.372   20   22   0.909    13    40   53   34    4    7   14  21        12.0
974      22023  1610612762               UTA  Utah Jazz  0022300395  2023-12-23    UTA @ TOR     W  241  126   48   91   0.527    17    38    0.447   13   14   0.929     8    33   41   35    7    5   11  17         7.0
1018     22023  1610612762               UTA  Utah Jazz  0022300374  2023-12-21    UTA @ DET     W  240  119   43   94   0.457    11    30    0.367   22   24   0.917    15    29   44   26   15    7   12  18         8.0
1025     22023  1610612762               UTA  Utah Jazz  0022300364  2023-12-20    UTA @ CLE     L  241  116   40   78   0.513    13    30    0.433   23   28   0.821     6    32   38   24    5    6   16  22        -8.0
1050     22023  1610612762               UTA  Utah Jazz  0022300357  2023-12-18  UTA vs. BKN     W  240  125   45   91   0.495    14    34    0.412   21   24   0.875    12    39   51   30    6    8   14  20        17.0
1083     22023  1610612762               UTA  Utah Jazz  0022300342  2023-12-16    UTA @ SAC     L  238  104   38   86   0.442    12    37    0.324   16   21   0.762     9    28   37   28    8    3   12  12       -21.0
1127     22023  1610612762               UTA  Utah Jazz  0022300323  2023-12-14    UTA @ POR     W  239  122   49   92   0.533    11    33    0.333   13   14   0.929    13    32   45   27    9    9   11  14         8.0
1139     22023  1610612762               UTA  Utah Jazz  0022300318  2023-12-13  UTA vs. NYK     W  240  117   43   98   0.439    16    42    0.381   15   21   0.714    15    38   53   31    5    4   15  27         4.0
1172     22023  1610612762               UTA  Utah Jazz  0022300302  2023-12-11    UTA @ OKC     L  240  120   44   92   0.478    12    38    0.316   20   21   0.952     9    32   41   32    9    9   15  21       -14.0
1187     22023  1610612762               UTA  Utah Jazz  0022301225  2023-12-08  UTA vs. LAC     L  240  103   38   84   0.452     9    31    0.290   18   24   0.750     8    32   40   23   10   10   13  17       -14.0
1235     22023  1610612762               UTA  Utah Jazz  0022301213  2023-12-06    UTA @ DAL     L  240   97   35   87   0.402    12    33    0.364   15   18   0.833    11    32   43   22    6    3   19  20       -50.0
1266     22023  1610612762               UTA  Utah Jazz  0022300289  2023-12-02  UTA vs. POR     W  265  118   46   94   0.489     7    34    0.206   19   24   0.792    16    40   56   27    5   11   17  21         5.0
1296     22023  1610612762               UTA  Utah Jazz  0022300270  2023-11-30    UTA @ MIN     L  240   90   33   87   0.379    11    34    0.324   13   14   0.929    13    38   51   22    6    4   19  19       -11.0
1302     22023  1610612762               UTA  Utah Jazz  0022300261  2023-11-29    UTA @ MEM     L  239   91   34   90   0.378    16    39    0.410    7   12   0.583    12    27   39   26    8    8   17  14       -14.0
1332     22023  1610612762               UTA  Utah Jazz  0022300256  2023-11-27  UTA vs. NOP     W  240  114   37   88   0.420    17    48    0.354   23   28   0.821     9    34   43   31    6    4   10  23         2.0
1360     22023  1610612762               UTA  Utah Jazz  0022300243  2023-11-25  UTA vs. NOP     W  239  105   38   87   0.437    15    43    0.349   14   17   0.824    14    38   52   23    8    6   23  13         5.0
1408     22023  1610612762               UTA  Utah Jazz  0022300237  2023-11-22    UTA @ POR     L  240  105   37   79   0.468    10    31    0.323   21   26   0.808    14    30   44   25    7    3   21  13       -16.0
1419     22023  1610612762               UTA  Utah Jazz  0022300042  2023-11-21    UTA @ LAL     L  240   99   38   98   0.388    11    44    0.250   12   16   0.750    13    29   42   25    6    3   14  22       -32.0
1444     22023  1610612762               UTA  Utah Jazz  0022300214  2023-11-19  UTA vs. PHX     L  290  137   48  115   0.417    15    46    0.326   26   32   0.813    27    32   59   27   11    5   18  27        -3.0
1476     22023  1610612762               UTA  Utah Jazz  0022300035  2023-11-17  UTA vs. PHX     L  239  128   43   85   0.506    16    36    0.444   26   31   0.839    10    29   39   27    3   10    8  23        -3.0
1521     22023  1610612762               UTA  Utah Jazz  0022300023  2023-11-14  UTA vs. POR     W  240  115   44   95   0.463    13    43    0.302   14   15   0.933    16    36   52   26   11    6   12  18        16.0
1570     22023  1610612762               UTA  Utah Jazz  0022300012  2023-11-10    UTA @ MEM     W  240  127   41   76   0.539    18    37    0.486   27   29   0.931     8    30   38   28   10   12   19  17         6.0
1606     22023  1610612762               UTA  Utah Jazz  0022300158  2023-11-08    UTA @ IND     L  240  118   45   96   0.469    11    27    0.407   17   18   0.944    16    31   47   26    3    5   21  17       -16.0
1634     22023  1610612762               UTA  Utah Jazz  0022300152  2023-11-06    UTA @ CHI     L  241  113   41   86   0.477    16    43    0.372   15   17   0.882    17    35   52   32    1    7   22  20       -17.0
1655     22023  1610612762               UTA  Utah Jazz  0022300138  2023-11-04    UTA @ MIN     L  241   95   35   91   0.385    12    43    0.279   13   17   0.765    17    22   39   20    3    7   18  20       -28.0
1685     22023  1610612762               UTA  Utah Jazz  0022300130  2023-11-02  UTA vs. ORL     L  241  113   41   89   0.461    12    33    0.364   19   26   0.731    13    35   48   27    9    7   20  27        -2.0
1695     22023  1610612762               UTA  Utah Jazz  0022300125  2023-11-01  UTA vs. MEM     W  239  133   47   87   0.540    22    43    0.512   17   24   0.708    10    40   50   35    7    3   21  22        24.0
1744     22023  1610612762               UTA  Utah Jazz  0022300110  2023-10-30    UTA @ DEN     L  241  102   42   98   0.429    11    37    0.297    7   15   0.467    17    34   51   30    6    2   12  21        -8.0
1762     22023  1610612762               UTA  Utah Jazz  0022300094  2023-10-28    UTA @ PHX     L  239  104   40   91   0.440    12    37    0.324   12   14   0.857    15    30   45   26    6    5   18  20       -22.0
1785     22023  1610612762               UTA  Utah Jazz  0022300085  2023-10-27  UTA vs. LAC     W  241  120   42   96   0.438    16    41    0.390   20   22   0.909    17    28   45   27    7    4   14  24         2.0
1820     22023  1610612762               UTA  Utah Jazz  0022300072  2023-10-25  UTA vs. SAC     L  239  114   41   91   0.451     9    28    0.321   23   31   0.742    16    38   54   22    6    2   14  20       -16.0